{"accessors":[{"bufferView":0,"componentType":5125,"count":1836,"max":[804.0],"min":[0.0],"type":"SCALAR"},{"bufferView":1,"componentType":5126,"count":805,"max":[41.313899993896487,-20.496360778808595,24.535430908203126],"min":[26.56399917602539,-28.873409271240236,6.249355792999268],"type":"VEC3"},{"bufferView":2,"componentType":5126,"count":805,"max":[0.9961947202682495,0.9961947202682495,0.9844021201133728],"min":[-0.9961947202682495,-0.9961947202682495,-1.0],"type":"VEC3"},{"bufferView":3,"componentType":5125,"count":1842,"max":[806.0],"min":[0.0],"type":"SCALAR"},{"bufferView":4,"componentType":5126,"count":807,"max":[41.345420837402347,-30.873409271240236,24.72568130493164],"min":[26.56399917602539,-39.3034782409668,6.249355792999268],"type":"VEC3"},{"bufferView":5,"componentType":5126,"count":807,"max":[0.9961947202682495,0.9961947202682495,0.9844021201133728],"min":[-0.9961947202682495,-0.9961947202682495,-1.0],"type":"VEC3"},{"bufferView":6,"componentType":5125,"count":8160,"max":[2262.0],"min":[0.0],"type":"SCALAR"},{"bufferView":7,"componentType":5126,"count":2263,"max":[41.15225601196289,-21.196048736572267,23.91280746459961],"min":[26.9232234954834,-38.5507698059082,0.30000001192092898],"type":"VEC3"},{"bufferView":8,"componentType":5126,"count":2263,"max":[1.0,1.0,1.0],"min":[-1.0,-1.0,-1.0],"type":"VEC3"},{"bufferView":9,"componentType":5125,"count":1164,"max":[467.0],"min":[0.0],"type":"SCALAR"},{"bufferView":10,"componentType":5126,"count":468,"max":[28.860218048095704,-27.477577209472658,1.399999976158142],"min":[22.753223419189454,-32.26924133300781,0.30000001192092898],"type":"VEC3"},{"bufferView":11,"componentType":5126,"count":468,"max":[1.0,1.0,1.0],"min":[-1.0,-1.0,-1.0],"type":"VEC3"}],"asset":{"generator":"SimLab GLTF","version":"2.0"},"bufferViews":[{"buffer":0,"byteLength":7344,"target":34963},{"buffer":0,"byteLength":9660,"byteOffset":7344,"byteStride":12,"target":34962},{"buffer":0,"byteLength":9660,"byteOffset":17004,"byteStride":12,"target":34962},{"buffer":0,"byteLength":7368,"byteOffset":26664,"target":34963},{"buffer":0,"byteLength":9684,"byteOffset":34032,"byteStride":12,"target":34962},{"buffer":0,"byteLength":9684,"byteOffset":43716,"byteStride":12,"target":34962},{"buffer":0,"byteLength":32640,"byteOffset":53400,"target":34963},{"buffer":0,"byteLength":27156,"byteOffset":86040,"byteStride":12,"target":34962},{"buffer":0,"byteLength":27156,"byteOffset":113196,"byteStride":12,"target":34962},{"buffer":0,"byteLength":4656,"byteOffset":140352,"target":34963},{"buffer":0,"byteLength":5616,"byteOffset":145008,"byteStride":12,"target":34962},{"buffer":0,"byteLength":5616,"byteOffset":150624,"byteStride":12,"target":34962}],"buffers":[{"byteLength":156240,"uri":"Coin Dispenser.bin"}],"extensionsUsed":["KHR_materials_pbrSpecularGlossiness"],"materials":[{"extensions":{"KHR_materials_pbrSpecularGlossiness":{"diffuseFactor":[0.1882352977991104,0.23137255012989045,0.5882353186607361,1.0],"specularFactor":[0.0,0.0,0.0],"glossinessFactor":0.5}},"name":"Plastic - Translucent Matte (Blue)","alphaMode":"MASK","doubleSided":true,"pbrMetallicRoughness":{"baseColorFactor":[0.1882352977991104,0.23137255012989045,0.5882353186607361,1.0],"metallicFactor":0.5}},{"extensions":{"KHR_materials_pbrSpecularGlossiness":{"diffuseFactor":[0.6274510025978088,0.6274510025978088,0.6274510025978088,1.0],"specularFactor":[0.0,0.0,0.0],"glossinessFactor":0.5}},"name":"Steel - Satin","alphaMode":"MASK","doubleSided":true,"pbrMetallicRoughness":{"baseColorFactor":[0.6274510025978088,0.6274510025978088,0.6274510025978088,1.0],"metallicFactor":0.5}}],"meshes":[{"primitives":[{"attributes":{"NORMAL":2,"POSITION":1},"indices":0,"material":0,"mode":4}]},{"primitives":[{"attributes":{"NORMAL":5,"POSITION":4},"indices":3,"material":0,"mode":4}]},{"primitives":[{"attributes":{"NORMAL":8,"POSITION":7},"indices":6,"material":1,"mode":4}]},{"primitives":[{"attributes":{"NORMAL":11,"POSITION":10},"indices":9,"material":1,"mode":4}]}],"nodes":[{"children":[1,2],"matrix":[1.0,0.0,0.0,0.0,0.0,4.4896593387466768e-11,-1.0,0.0,0.0,1.0,4.4896593387466768e-11,0.0,0.0,0.0,0.0,1.0]},{"name":"Camera-2","rotation":[-0.7071067690849304,0.0,0.0,-0.7071067690849304],"translation":[0.320493221282959,-1.1021556854248047,-0.29899919033050539]},{"name":"Sled F v15","children":[3,5,7,9,11,13,15,17,19,21,29,43,45,46,47,48,49,50,51,52,53],"rotation":[-0.7071067690849304,0.0,0.0,-0.7071067690849304],"scale":[0.009999999776482582,0.009999999776482582,0.009999999776482582]},{"name":"CoinDispenser_20 v2","children":[4],"rotation":[0.0,0.0,1.0,-1.0248746296070977e-14],"translation":[43.710453033447269,-42.48792266845703,-6.296490669250488]},{"name":"Servo Holder","rotation":[0.0,0.0,0.0,-1.0]},{"name":"CoinDispenser_Coin Tube Holder 20 Flipped v1","children":[6],"matrix":[-0.8660253882408142,0.5,-4.021978190150619e-16,0.0,-0.5,-0.8660253882408142,1.0300479812706378e-17,0.0,-4.619524994329454e-16,1.3641593993961576e-16,1.0,0.0,52.667850494384769,-48.96799850463867,-5.0,1.0]},{"name":"Coin Tube Holder 20","rotation":[0.0,0.0,0.0,-1.0]},{"name":"CoinDispenser_10 v2","children":[8],"matrix":[-0.8660253882408142,0.5,1.6331794457242875e-16,0.0,-0.5,-0.8660253882408142,2.3268667393477515e-16,0.0,2.962899808974065e-16,-2.4669607941293659e-17,1.0,0.0,37.85881805419922,-40.417999267578128,-5.0,1.0]},{"name":"Servo Holder (1) (2)","rotation":[0.0,0.0,0.0,-1.0]},{"name":"CoinDispenser_Coin Tube Holder 1 v1","children":[10],"matrix":[0.9063078165054321,0.4226182699203491,1.3379851548837137e-16,0.0,-0.4226182699203491,0.9063078165054321,-9.042158106511931e-17,0.0,-3.430224561935412e-16,-8.567658190393953e-17,1.0,0.0,40.47761535644531,-18.707393646240236,-5.0,1.0]},{"name":"Coin Tube Holder (1)","rotation":[0.0,0.0,0.0,-1.0]},{"name":"CoinDispenser_Servo Holder 5 v1","children":[12],"matrix":[0.9063078165054321,0.4226182699203491,-2.549322472889556e-16,0.0,-0.4226182699203491,0.9063078165054321,-1.2994770783378426e-15,0.0,-1.5868541550477658e-16,8.491209364088414e-16,1.0,0.0,40.25748062133789,-18.566997528076173,-5.0,1.0]},{"name":"Servo Holder (1) (1) (1)","rotation":[0.0,0.0,0.0,-1.0]},{"name":"CoinDispenser_ComponenthOLDER v2","children":[14],"matrix":[0.9063078165054321,0.4226182699203491,2.2702354068960845e-17,0.0,-0.4226182699203491,0.9063078165054321,-1.6771699033165926e-17,0.0,-3.946884434580952e-18,-9.7421866659729e-18,1.0,0.0,13.995685577392579,-30.868242263793947,-5.0,1.0]},{"name":"Body1","rotation":[0.0,0.0,0.0,-1.0]},{"name":"mm","children":[16],"matrix":[-0.9063078165054321,-0.4226182699203491,-5.732538248053262e-18,0.0,-0.4226182699203491,0.9063078165054321,-5.687880421142749e-18,0.0,1.5343781602673559e-18,1.1953682157774247e-17,-1.0,0.0,53.07529067993164,-12.832999229431153,-5.0,1.0]},{"name":"Body1","rotation":[0.0,0.0,0.0,-1.0]},{"name":"mm","children":[18],"matrix":[0.8660253882408142,-0.5,2.565886797743155e-17,0.0,-0.5,-0.8660253882408142,-1.3259684043401353e-16,0.0,-2.9909491064990446e-17,-3.046441014200532e-17,-1.0,0.0,15.193951606750489,-27.274696350097658,-5.599999904632568,1.0]},{"name":"Body1","rotation":[0.0,0.0,0.0,-1.0]},{"name":"Allan Holder Proper_Component1 v2","children":[20],"matrix":[1.0,-5.551115123125783e-17,2.7842311789427756e-16,0.0,-7.395570986446986e-32,1.0,3.469446951953614e-18,0.0,-2.7755575615628915e-16,3.469446951953614e-18,1.0,0.0,14.293224334716797,-33.36090850830078,1.25,1.0]},{"name":"Body1","rotation":[0.0,0.0,0.0,-1.0]},{"name":"Allan Holder Revised v4","children":[22,27,28],"matrix":[1.0,-5.551115123125783e-17,5.551115123125783e-17,0.0,3.0814879110195776e-32,1.0,-5.551115123125783e-17,0.0,5.551115123125783e-17,5.551115123125783e-17,1.0,0.0,13.923224449157715,-33.373409271240237,1.100000023841858,1.0]},{"name":"Coin Slot Holder Rev 1_Device Holder v6","children":[23,25,26],"rotation":[0.0,0.0,0.0,-1.0]},{"name":"Allan Holder Proper_Component1 v2","children":[24],"rotation":[0.0,0.0,-3.608224830031759e-16,-1.0],"translation":[1.0,0.0,6.0]},{"name":"Body1","rotation":[0.0,0.0,0.0,-1.0]},{"name":"Body1","rotation":[0.0,0.0,0.0,-1.0]},{"name":"Body14","rotation":[0.0,0.0,0.0,-1.0]},{"name":"Body33","rotation":[0.0,0.0,0.0,-1.0]},{"name":"Body34","rotation":[0.0,0.0,0.0,-1.0]},{"name":"Servo Component v3","children":[30,31,32,33,34,35,36,37,38,39,40,41,42],"matrix":[1.0,-1.1102230246251566e-16,-5.551115123125783e-17,0.0,-5.551115123125783e-17,1.0,0.0,0.0,-5.551115123125783e-17,5.551115123125783e-17,1.0,0.0,23.7982234954834,-28.823410034179689,12.199999809265137,1.0]},{"name":"Component2","rotation":[0.0,0.0,0.0,-1.0]},{"name":"Component3","rotation":[0.0,0.0,0.0,-1.0]},{"name":"Component4","rotation":[0.0,0.0,0.0,-1.0]},{"name":"Component5","rotation":[0.0,0.0,0.0,-1.0]},{"name":"Component6","rotation":[0.0,0.0,0.0,-1.0]},{"name":"Component7","rotation":[0.0,0.0,0.0,-1.0]},{"name":"Component8","rotation":[0.0,0.0,0.0,-1.0]},{"name":"Component9","rotation":[0.0,0.0,0.0,-1.0]},{"name":"Component10","rotation":[0.0,0.0,0.0,-1.0]},{"name":"Component11","rotation":[0.0,0.0,0.0,-1.0]},{"name":"Component12","rotation":[0.0,0.0,0.0,-1.0]},{"name":"Component13","rotation":[0.0,0.0,0.0,-1.0]},{"name":"Component1","rotation":[0.0,0.0,0.0,-1.0]},{"name":"Sled F v12_Coin Capture for Servo v1 v2","children":[44],"matrix":[0.8660253882408142,-0.5,-2.3804625174746958e-17,0.0,0.5,0.8660253882408142,-2.5153490401663704e-17,0.0,-6.938893903907229e-18,2.6610216671734915e-17,1.0,0.0,21.91276741027832,-14.416438102722168,1.409999966621399,1.0]},{"name":"Body1","rotation":[0.0,0.0,0.0,-1.0]},{"name":"1&5 F","mesh":0,"rotation":[0.0,0.0,0.0,-1.0]},{"name":"10&20","rotation":[0.0,0.0,0.0,-1.0]},{"name":"10&20 F","mesh":1,"rotation":[0.0,0.0,0.0,-1.0]},{"name":"Base","mesh":2,"rotation":[0.0,0.0,0.0,-1.0]},{"name":"Slide","rotation":[0.0,0.0,0.0,-1.0]},{"name":"Body10","rotation":[0.0,0.0,0.0,-1.0]},{"name":"Body13","rotation":[0.0,0.0,0.0,-1.0]},{"name":"Body15","mesh":3,"rotation":[0.0,0.0,0.0,-1.0]},{"name":"Body16","rotation":[0.0,0.0,0.0,-1.0]}],"scene":0,"scenes":[{"nodes":[0]}]}